0.18662
0.21831
0.21831
0.22500
0.22594
0.22695
0.23050
0.23415
0.23427
0.23427
0.23759
0.23944
0.23944
0.24082
0.24113
0.24286
0.24476
0.24483
0.24550
0.24648
0.24648
0.24825
0.25172
0.25357
0.25368
0.25524
0.25704
0.25704
0.25880
0.25887
0.26056
0.26224
0.26405
0.26531
0.26573
0.26596
0.26759
0.26761
0.26761
0.26761
0.26819
0.26923
0.26950
0.27194
0.27273
0.27305
0.27332
0.27387
0.27622
0.27654
0.27817
0.27823
0.27931
0.27931
0.28345
0.28404
0.28423
0.28472
0.28472
0.28478
0.28478
0.28512
0.28537
0.28622
0.28750
0.28819
0.28830
0.29108
0.29180
0.29225
0.29242
0.29296
0.29371
0.29400
0.29460
0.29519
0.29752
0.29784
0.29842
0.29847
0.29951
0.29978
0.30000
0.30047
0.30070
0.30204
0.30223
0.30255
0.30420
0.30551
0.30551
0.30556
0.30556
0.30556
0.30575
0.30606
0.30687
0.30833
0.30903
0.30960
0.31199
0.31224
0.31288
0.31338
0.31403
0.31480
0.31531
0.31573
0.31659
0.31667
0.31669
0.31669
0.31690
0.31690
0.31735
0.31736
0.31749
0.31839
0.31915
0.31944
0.31977
0.32042
0.32042
0.32051
0.32133
0.32136
0.32143
0.32168
0.32277
0.32292
0.32299
0.32336
0.32359
0.32422
0.32453
0.32500
0.32515
0.32517
0.32542
0.32542
0.32570
0.32629
0.32679
0.32688
0.32870
0.32931
0.32951
0.32959
0.33006
0.33046
0.33058
0.33121
0.33157
0.33185
0.33216
0.33229
0.33316
0.33333
0.33342
0.33344
0.33363
0.33392
0.33471
0.33552
0.33566
0.33611
0.33685
0.33776
0.33793
0.33797
0.33803
0.33827
0.33852
0.33861
0.33929
0.33979
0.33979
0.34008
0.34028
0.34038
0.34070
0.34070
0.34096
0.34097
0.34152
0.34155
0.34179
0.34214
0.34286
0.34298
0.34298
0.34315
0.34388
0.34390
0.34393
0.34419
0.34456
0.34479
0.34507
0.34507
0.34589
0.34653
0.34668
0.34724
0.34771
0.34796
0.34828
0.34834
0.34834
0.34859
0.34861
0.34870
0.34892
0.34915
0.34940
0.35000
0.35000
0.35025
0.35079
0.35094
0.35153
0.35188
0.35188
0.35188
0.35188
0.35255
0.35270
0.35283
0.35329
0.35352
0.35387
0.35396
0.35446
0.35451
0.35461
0.35468
0.35622
0.35625
0.35679
0.35689
0.35765
0.35791
0.35798
0.35823
0.35823
0.35827
0.35857
0.35915
0.35915
0.35952
0.35969
0.35971
0.36007
0.36014
0.36061
0.36092
0.36109
0.36150
0.36150
0.36150
0.36150
0.36180
0.36181
0.36225
0.36225
0.36279
0.36297
0.36300
0.36334
0.36355
0.36355
0.36361
0.36385
0.36502
0.36552
0.36554
0.36618
0.36628
0.36716
0.36735
0.36743
0.36766
0.36770
0.36796
0.36806
0.36806
0.36835
0.36837
0.36854
0.36854
0.36854
0.36913
0.36934
0.36942
0.36944
0.36964
0.36978
0.36989
0.36989
0.37049
0.37070
0.37089
0.37119
0.37122
0.37143
0.37153
0.37190
0.37207
0.37234
0.37234
0.37254
0.37261
0.37338
0.37347
0.37381
0.37383
0.37383
0.37398
0.37413
0.37425
0.37441
0.37476
0.37476
0.37500
0.37500
0.37500
0.37506
0.37589
0.37602
0.37635
0.37643
0.37643
0.37650
0.37698
0.37699
0.37704
0.37764
0.37780
0.37793
0.37806
0.37812
0.37826
0.37847
0.37852
0.37861
0.37889
0.37916
0.37940
0.37940
0.38025
0.38028
0.38084
0.38116
0.38144
0.38144
0.38201
0.38204
0.38207
0.38234
0.38239
0.38263
0.38265
0.38271
0.38325
0.38334
0.38367
0.38391
0.38393
0.38407
0.38407
0.38469
0.38498
0.38520
0.38525
0.38556
0.38556
0.38556
0.38586
0.38615
0.38652
0.38652
0.38673
0.38673
0.38673
0.38674
0.38680
0.38681
0.38734
0.38779
0.38843
0.38850
0.38871
0.38908
0.38908
0.38913
0.38929
0.38945
0.38954
0.38980
0.39034
0.39041
0.39062
0.39062
0.39082
0.39097
0.39097
0.39171
0.39184
0.39184
0.39198
0.39234
0.39261
0.39286
0.39388
0.39389
0.39389
0.39439
0.39479
0.39498
0.39525
0.39554
0.39554
0.39574
0.39592
0.39607
0.39617
0.39617
0.39617
0.39638
0.39662
0.39701
0.39701
0.39701
0.39719
0.39730
0.39730
0.39771
0.39808
0.39847
0.39847
0.39872
0.39880
0.39892
0.39907
0.39935
0.39965
0.39989
0.39989
0.40023
0.40038
0.40044
0.40051
0.40069
0.40077
0.40114
0.40141
0.40153
0.40153
0.40153
0.40178
0.40204
0.40207
0.40208
0.40262
0.40305
0.40305
0.40316
0.40317
0.40317
0.40346
0.40408
0.40426
0.40426
0.40426
0.40453
0.40459
0.40480
0.40535
0.40556
0.40559
0.40559
0.40561
0.40589
0.40610
0.40612
0.40612
0.40623
0.40623
0.40644
0.40669
0.40690
0.40698
0.40714
0.40714
0.40750
0.40753
0.40765
0.40782
0.40786
0.40786
0.40814
0.40814
0.40816
0.40842
0.40862
0.40863
0.40874
0.40889
0.40893
0.40904
0.40909
0.40917
0.40933
0.40959
0.40962
0.40962
0.40962
0.40962
0.40969
0.41020
0.41020
0.41021
0.41071
0.41080
0.41103
0.41132
0.41132
0.41135
0.41138
0.41162
0.41173
0.41181
0.41189
0.41189
0.41195
0.41195
0.41215
0.41217
0.41224
0.41244
0.41256
0.41256
0.41259
0.41285
0.41298
0.41315
0.41326
0.41380
0.41386
0.41432
0.41489
0.41571
0.41577
0.41608
0.41633
0.41640
0.41667
0.41667
0.41667
0.41680
0.41708
0.41725
0.41725
0.41725
0.41725
0.41727
0.41735
0.41767
0.41784
0.41784
0.41784
0.41817
0.41831
0.41843
0.41843
0.41871
0.41894
0.41894
0.41901
0.41939
0.41939
0.41960
0.41989
0.41990
0.42008
0.42014
0.42019
0.42035
0.42041
0.42066
0.42077
0.42077
0.42083
0.42092
0.42092
0.42110
0.42136
0.42158
0.42158
0.42165
0.42212
0.42222
0.42222
0.42226
0.42245
0.42280
0.42280
0.42302
0.42308
0.42312
0.42371
0.42371
0.42400
0.42417
0.42417
0.42430
0.42435
0.42444
0.42449
0.42449
0.42467
0.42467
0.42499
0.42499
0.42526
0.42542
0.42547
0.42562
0.42577
0.42580
0.42594
0.42602
0.42606
0.42657
0.42657
0.42708
0.42717
0.42717
0.42721
0.42723
0.42734
0.42755
0.42755
0.42782
0.42799
0.42806
0.42847
0.42848
0.42848
0.42848
0.42874
0.42899
0.42935
0.42975
0.42990
0.43016
0.43016
0.43044
0.43061
0.43061
0.43075
0.43075
0.43099
0.43102
0.43112
0.43125
0.43134
0.43134
0.43163
0.43189
0.43192
0.43192
0.43194
0.43198
0.43214
0.43214
0.43251
0.43264
0.43265
0.43310
0.43310
0.43317
0.43357
0.43369
0.43372
0.43372
0.43372
0.43426
0.43444
0.43453
0.43481
0.43486
0.43515
0.43520
0.43535
0.43535
0.43535
0.43535
0.43545
0.43546
0.43547
0.43579
0.43590
0.43590
0.43603
0.43611
0.43622
0.43622
0.43622
0.43662
0.43662
0.43673
0.43675
0.43675
0.43691
0.43721
0.43721
0.43724
0.43738
0.43770
0.43789
0.43809
0.43809
0.43863
0.43863
0.43878
0.43903
0.43929
0.43929
0.43955
0.43955
0.43972
0.43972
0.43999
0.44026
0.44028
0.44028
0.44028
0.44031
0.44043
0.44043
0.44081
0.44081
0.44081
0.44081
0.44102
0.44133
0.44167
0.44184
0.44190
0.44244
0.44245
0.44249
0.44272
0.44286
0.44299
0.44308
0.44311
0.44311
0.44337
0.44362
0.44366
0.44366
0.44388
0.44408
0.44408
0.44408
0.44437
0.44501
0.44514
0.44542
0.44542
0.44572
0.44580
0.44592
0.44596
0.44601
0.44601
0.44601
0.44601
0.44628
0.44628
0.44643
0.44643
0.44723
0.44735
0.44748
0.44751
0.44763
0.44777
0.44777
0.44790
0.44790
0.44790
0.44790
0.44792
0.44796
0.44866
0.44894
0.44898
0.44898
0.44898
0.44899
0.44899
0.44949
0.44981
0.45000
0.45000
0.45012
0.45019
0.45035
0.45063
0.45100
0.45105
0.45117
0.45137
0.45139
0.45172
0.45172
0.45199
0.45204
0.45217
0.45217
0.45281
0.45296
0.45327
0.45357
0.45359
0.45364
0.45390
0.45390
0.45390
0.45391
0.45393
0.45423
0.45445
0.45481
0.45481
0.45481
0.45486
0.45499
0.45517
0.45536
0.45550
0.45645
0.45645
0.45657
0.45663
0.45690
0.45690
0.45694
0.45694
0.45694
0.45716
0.45716
0.45717
0.45772
0.45816
0.45833
0.45836
0.45863
0.45863
0.45863
0.45903
0.45918
0.45923
0.45944
0.45951
0.45963
0.45969
0.45969
0.45969
0.45990
0.45995
0.45995
0.46046
0.46090
0.46091
0.46099
0.46099
0.46127
0.46154
0.46163
0.46181
0.46181
0.46185
0.46224
0.46236
0.46244
0.46249
0.46263
0.46263
0.46263
0.46283
0.46303
0.46303
0.46345
0.46354
0.46378
0.46391
0.46391
0.46398
0.46427
0.46454
0.46472
0.46472
0.46480
0.46538
0.46563
0.46590
0.46618
0.46626
0.46626
0.46633
0.46645
0.46655
0.46662
0.46667
0.46684
0.46694
0.46699
0.46699
0.46726
0.46736
0.46743
0.46754
0.46772
0.46787
0.46790
0.46809
0.46821
0.46837
0.46853
0.46860
0.46863
0.46888
0.46910
0.46919
0.46939
0.46939
0.46944
0.46948
0.46948
0.46948
0.46980
0.47003
0.47007
0.47007
0.47007
0.47027
0.47027
0.47027
0.47036
0.47041
0.47044
0.47054
0.47066
0.47066
0.47066
0.47081
0.47083
0.47117
0.47124
0.47124
0.47136
0.47139
0.47143
0.47153
0.47183
0.47183
0.47183
0.47190
0.47218
0.47222
0.47242
0.47245
0.47298
0.47300
0.47330
0.47330
0.47338
0.47354
0.47359
0.47386
0.47398
0.47418
0.47431
0.47471
0.47477
0.47490
0.47518
0.47535
0.47551
0.47551
0.47565
0.47572
0.47650
0.47681
0.47709
0.47711
0.47736
0.47736
0.47778
0.47778
0.47799
0.47806
0.47806
0.47807
0.47807
0.47818
0.47845
0.47845
0.47847
0.47858
0.47882
0.47934
0.47946
0.47946
0.47954
0.47959
0.47975
0.48005
0.48005
0.48009
0.48009
0.48063
0.48063
0.48091
0.48093
0.48112
0.48118
0.48118
0.48181
0.48181
0.48194
0.48194
0.48214
0.48227
0.48240
0.48254
0.48265
0.48282
0.48298
0.48309
0.48315
0.48336
0.48336
0.48357
0.48363
0.48379
0.48379
0.48379
0.48391
0.48391
0.48391
0.48415
0.48418
0.48445
0.48469
0.48472
0.48472
0.48472
0.48474
0.48495
0.48500
0.48500
0.48504
0.48506
0.48520
0.48520
0.48533
0.48570
0.48592
0.48592
0.48592
0.48592
0.48633
0.48636
0.48636
0.48650
0.48663
0.48673
0.48697
0.48697
0.48709
0.48709
0.48724
0.48724
0.48729
0.48745
0.48750
0.48760
0.48760
0.48776
0.48776
0.48792
0.48800
0.48882
0.48885
0.48887
0.48889
0.48903
0.48919
0.48944
0.48944
0.48951
0.48963
0.48980
0.48980
0.48983
0.48991
0.49005
0.49015
0.49015
0.49028
0.49031
0.49045
0.49045
0.49046
0.49061
0.49061
0.49132
0.49157
0.49157
0.49161
0.49184
0.49184
0.49209
0.49234
0.49235
0.49236
0.49236
0.49236
0.49236
0.49281
0.49315
0.49345
0.49373
0.49375
0.49396
0.49413
0.49413
0.49427
0.49427
0.49442
0.49482
0.49490
0.49531
0.49536
0.49589
0.49589
0.49591
0.49617
0.49617
0.49648
0.49650
0.49650
0.49650
0.49650
0.49668
0.49700
0.49700
0.49707
0.49714
0.49719
0.49755
0.49765
0.49770
0.49796
0.49821
0.49847
0.49864
0.49872
0.49883
0.49898
0.49898
0.49918
0.49928
0.49931
0.49949
0.49973
0.49973
0.50000
0.50000
0.50000
0.50027
0.50032
0.50082
0.50088
0.50096
0.50109
0.50128
0.50159
0.50164
0.50176
0.50176
0.50191
0.50230
0.50235
0.50245
0.50245
0.50255
0.50286
0.50286
0.50300
0.50327
0.50347
0.50357
0.50357
0.50360
0.50360
0.50381
0.50381
0.50409
0.50409
0.50411
0.50440
0.50440
0.50445
0.50477
0.50480
0.50491
0.50509
0.50509
0.50600
0.50612
0.50646
0.50646
0.50646
0.50663
0.50704
0.50704
0.50709
0.50714
0.50736
0.50763
0.50795
0.50818
0.50822
0.50822
0.50880
0.50887
0.50890
0.50900
0.50903
0.50918
0.50922
0.50939
0.50955
0.50955
0.50969
0.50995
0.50998
0.51009
0.51020
0.51027
0.51031
0.51071
0.51115
0.51115
0.51148
0.51176
0.51199
0.51200
0.51203
0.51203
0.51227
0.51232
0.51247
0.51250
0.51262
0.51282
0.51350
0.51350
0.51379
0.51430
0.51438
0.51446
0.51446
0.51446
0.51462
0.51494
0.51505
0.51511
0.51528
0.51582
0.51597
0.51621
0.51627
0.51632
0.51643
0.51643
0.51658
0.51701
0.51702
0.51702
0.51702
0.51735
0.51735
0.51736
0.51746
0.51761
0.51761
0.51761
0.51790
0.51812
0.51837
0.51875
0.51875
0.51878
0.51882
0.51882
0.51882
0.51882
0.51909
0.51937
0.51937
0.51966
0.51990
0.52083
0.52092
0.52113
0.52113
0.52117
0.52118
0.52155
0.52171
0.52209
0.52219
0.52222
0.52230
0.52230
0.52264
0.52270
0.52289
0.52289
0.52319
0.52320
0.52384
0.52400
0.52406
0.52465
0.52482
0.52482
0.52511
0.52523
0.52523
0.52526
0.52543
0.52551
0.52575
0.52575
0.52582
0.52582
0.52590
0.52591
0.52591
0.52591
0.52602
0.52638
0.52638
0.52646
0.52673
0.52728
0.52755
0.52755
0.52755
0.52758
0.52765
0.52806
0.52806
0.52806
0.52810
0.52817
0.52837
0.52861
0.52864
0.52864
0.52874
0.52876
0.52876
0.52891
0.52891
0.52908
0.52919
0.52934
0.52934
0.53020
0.53027
0.53052
0.53061
0.53083
0.53110
0.53137
0.53137
0.53137
0.53147
0.53191
0.53194
0.53219
0.53228
0.53229
0.53265
0.53273
0.53333
0.53355
0.53355
0.53367
0.53381
0.53382
0.53393
0.53401
0.53410
0.53418
0.53444
0.53464
0.53487
0.53520
0.53521
0.53521
0.53571
0.53592
0.53597
0.53609
0.53668
0.53673
0.53697
0.53699
0.53710
0.53719
0.53719
0.53764
0.53764
0.53783
0.53792
0.53815
0.53815
0.53819
0.53854
0.53873
0.53901
0.53955
0.53961
0.53973
0.53980
0.53991
0.54005
0.54005
0.54049
0.54079
0.54079
0.54092
0.54092
0.54097
0.54164
0.54167
0.54225
0.54245
0.54311
0.54337
0.54392
0.54392
0.54482
0.54489
0.54490
0.54577
0.54577
0.54592
0.54618
0.54636
0.54653
0.54653
0.54665
0.54694
0.54694
0.54695
0.54745
0.54754
0.54770
0.54770
0.54774
0.54783
0.54792
0.54812
0.54826
0.54828
0.54847
0.54896
0.54898
0.54943
0.54949
0.54959
0.54990
0.54992
0.55000
0.55000
0.55047
0.55086
0.55101
0.55118
0.55155
0.55155
0.55155
0.55174
0.55179
0.55183
0.55208
0.55255
0.55277
0.55340
0.55340
0.55340
0.55346
0.55357
0.55383
0.55399
0.55401
0.55408
0.55417
0.55456
0.55458
0.55467
0.55483
0.55483
0.55485
0.55499
0.55499
0.55537
0.55537
0.55556
0.55561
0.55588
0.55634
0.55658
0.55660
0.55663
0.55690
0.55694
0.55714
0.55722
0.55783
0.55810
0.55810
0.55810
0.55817
0.55817
0.55865
0.55865
0.55865
0.55869
0.55880
0.55880
0.55892
0.55944
0.55986
0.55995
0.56008
0.56020
0.56020
0.56046
0.56071
0.56071
0.56083
0.56083
0.56092
0.56103
0.56110
0.56173
0.56181
0.56191
0.56192
0.56224
0.56247
0.56262
0.56262
0.56262
0.56322
0.56356
0.56367
0.56389
0.56397
0.56410
0.56514
0.56519
0.56519
0.56547
0.56574
0.56633
0.56643
0.56656
0.56661
0.56684
0.56684
0.56690
0.56735
0.56771
0.56807
0.56811
0.56847
0.56847
0.56847
0.56888
0.56898
0.56913
0.56979
0.57025
0.57057
0.57072
0.57083
0.57130
0.57143
0.57168
0.57174
0.57216
0.57218
0.57283
0.57310
0.57321
0.57338
0.57365
0.57394
0.57470
0.57533
0.57534
0.57551
0.57556
0.57569
0.57570
0.57583
0.57610
0.57610
0.57629
0.57629
0.57629
0.57658
0.57661
0.57688
0.57688
0.57708
0.57720
0.57746
0.57774
0.57778
0.57788
0.57788
0.57806
0.57864
0.57883
0.57952
0.57981
0.57981
0.57985
0.57985
0.58010
0.58011
0.58011
0.58047
0.58047
0.58084
0.58099
0.58101
0.58106
0.58112
0.58128
0.58129
0.58156
0.58156
0.58157
0.58161
0.58163
0.58163
0.58214
0.58316
0.58345
0.58369
0.58391
0.58392
0.58418
0.58456
0.58469
0.58519
0.58538
0.58542
0.58611
0.58622
0.58647
0.58647
0.58647
0.58659
0.58715
0.58724
0.58783
0.58805
0.58811
0.58865
0.58868
0.58891
0.58920
0.58929
0.58932
0.58996
0.59038
0.59123
0.59133
0.59137
0.59220
0.59260
0.59272
0.59281
0.59313
0.59337
0.59376
0.59388
0.59411
0.59438
0.59441
0.59448
0.59493
0.59536
0.59541
0.59566
0.59568
0.59583
0.59602
0.59602
0.59629
0.59629
0.59712
0.59719
0.59738
0.59738
0.59771
0.59793
0.59793
0.59808
0.59847
0.59859
0.59888
0.59902
0.59902
0.59917
0.60000
0.60076
0.60102
0.60123
0.60211
0.60230
0.60284
0.60329
0.60329
0.60338
0.60362
0.60432
0.60446
0.60459
0.60460
0.60502
0.60556
0.60720
0.60720
0.60739
0.60807
0.60829
0.60839
0.60867
0.60884
0.60918
0.60918
0.60959
0.60969
0.60998
0.61042
0.61071
0.61071
0.61129
0.61157
0.61157
0.61157
0.61211
0.61268
0.61276
0.61276
0.61293
0.61326
0.61348
0.61367
0.61378
0.61378
0.61389
0.61402
0.61415
0.61429
0.61444
0.61505
0.61511
0.61532
0.61538
0.61538
0.61538
0.61538
0.61538
0.61582
0.61593
0.61602
0.61658
0.61666
0.61666
0.61678
0.61708
0.61736
0.61757
0.61796
0.61811
0.61825
0.61837
0.61837
0.61893
0.61939
0.61966
0.61990
0.62015
0.62031
0.62041
0.62062
0.62089
0.62119
0.62153
0.62193
0.62248
0.62326
0.62326
0.62347
0.62398
0.62551
0.62556
0.62575
0.62575
0.62588
0.62602
0.62647
0.62676
0.62793
0.62793
0.62821
0.62881
0.62902
0.62902
0.62905
0.62908
0.62957
0.63001
0.63066
0.63263
0.63284
0.63284
0.63339
0.63367
0.63367
0.63380
0.63393
0.63468
0.63498
0.63502
0.63556
0.63612
0.63830
0.63830
0.63954
0.63986
0.63993
0.63996
0.64082
0.64085
0.64114
0.64184
0.64202
0.64236
0.64266
0.64319
0.64336
0.64367
0.64368
0.64375
0.64388
0.64399
0.64412
0.64430
0.64460
0.64508
0.64512
0.64541
0.64566
0.64590
0.64648
0.64703
0.64717
0.64724
0.64730
0.64759
0.64812
0.64892
0.64923
0.65082
0.65139
0.65289
0.65303
0.65332
0.65353
0.65416
0.65417
0.65480
0.65485
0.65552
0.65610
0.65612
0.65669
0.65848
0.65893
0.65903
0.65930
0.66111
0.66122
0.66203
0.66227
0.66256
0.66283
0.66339
0.66402
0.66432
0.66493
0.66701
0.66815
0.66830
0.66879
0.67049
0.67050
0.67153
0.67168
0.67195
0.67195
0.67321
0.67451
0.67606
0.67705
0.67769
0.67847
0.67921
0.68016
0.68085
0.68106
0.68495
0.68515
0.68545
0.68563
0.68662
0.68685
0.68777
0.68838
0.68897
0.68913
0.69107
0.69131
0.69176
0.69285
0.69449
0.69558
0.69630
0.69660
0.69712
0.69748
0.69885
0.69974
0.70051
0.70129
0.70600
0.71156
0.71185
0.71392
0.71392
0.71944
0.72242
0.72559
0.73045
0.73189
0.73268
0.73291
0.73322
0.73472
0.73885
0.74604
0.75139
0.76122
0.76487
0.76669
0.77168
0.77230
0.77778
0.79401
0.79489
0.80694
#real	0.98561
