0.40947
0.41323
0.41713
0.41886
0.42775
0.42811
0.43139
0.43189
0.43403
0.43652
0.43696
0.43798
0.43818
0.43934
0.44172
0.44309
0.44362
0.44391
0.44469
0.44475
0.44506
0.44552
0.44558
0.44565
0.44629
0.44661
0.44676
0.44704
0.44709
0.44748
0.44821
0.44923
0.44955
0.44973
0.44980
0.45073
0.45080
0.45165
0.45183
0.45226
0.45233
0.45290
0.45321
0.45324
0.45351
0.45357
0.45373
0.45377
0.45384
0.45508
0.45520
0.45526
0.45529
0.45530
0.45531
0.45559
0.45653
0.45666
0.45672
0.45675
0.45675
0.45684
0.45689
0.45737
0.45761
0.45803
0.45809
0.45839
0.45841
0.45857
0.45906
0.45906
0.45923
0.45955
0.45963
0.45973
0.45998
0.46018
0.46036
0.46043
0.46049
0.46061
0.46108
0.46112
0.46133
0.46137
0.46175
0.46178
0.46185
0.46193
0.46215
0.46238
0.46257
0.46260
0.46275
0.46311
0.46318
0.46326
0.46327
0.46339
0.46339
0.46353
0.46356
0.46377
0.46399
0.46403
0.46412
0.46418
0.46423
0.46438
0.46454
0.46461
0.46470
0.46471
0.46478
0.46480
0.46483
0.46495
0.46496
0.46512
0.46543
0.46571
0.46589
0.46611
0.46616
0.46621
0.46666
0.46680
0.46682
0.46695
0.46729
0.46755
0.46814
0.46834
0.46839
0.46841
0.46848
0.46862
0.46899
0.46910
0.46927
0.46941
0.46951
0.46951
0.46953
0.46969
0.46991
0.46992
0.47030
0.47036
0.47042
0.47075
0.47083
0.47100
0.47104
0.47146
0.47158
0.47168
0.47170
0.47175
0.47202
0.47217
0.47222
0.47241
0.47256
0.47270
0.47278
0.47281
0.47283
0.47287
0.47306
0.47313
0.47320
0.47344
0.47345
0.47357
0.47369
0.47395
0.47401
0.47415
0.47422
0.47426
0.47434
0.47435
0.47463
0.47470
0.47475
0.47486
0.47491
0.47496
0.47511
0.47547
0.47554
0.47561
0.47592
0.47613
0.47649
0.47664
0.47690
0.47702
0.47720
0.47720
0.47739
0.47746
0.47748
0.47751
0.47758
0.47766
0.47800
0.47817
0.47826
0.47863
0.47873
0.47877
0.47885
0.47885
0.47886
0.47918
0.47928
0.47944
0.47945
0.47952
0.47980
0.47989
0.47993
0.47994
0.47999
0.48002
0.48009
0.48014
0.48034
0.48047
0.48076
0.48089
0.48091
0.48097
0.48110
0.48118
0.48152
0.48167
0.48180
0.48184
0.48193
0.48218
0.48235
0.48241
0.48261
0.48291
0.48302
0.48306
0.48310
0.48343
0.48361
0.48374
0.48382
0.48393
0.48426
0.48429
0.48453
0.48454
0.48458
0.48459
0.48460
0.48466
0.48471
0.48475
0.48478
0.48482
0.48488
0.48495
0.48506
0.48509
0.48513
0.48515
0.48534
0.48547
0.48552
0.48554
0.48561
0.48570
0.48573
0.48582
0.48582
0.48583
0.48589
0.48621
0.48622
0.48626
0.48634
0.48636
0.48642
0.48648
0.48655
0.48661
0.48668
0.48668
0.48684
0.48692
0.48695
0.48695
0.48699
0.48711
0.48720
0.48723
0.48729
0.48731
0.48747
0.48755
0.48772
0.48772
0.48779
0.48790
0.48795
0.48796
0.48803
0.48809
0.48825
0.48830
0.48831
0.48833
0.48836
0.48848
0.48856
0.48859
0.48875
0.48885
0.48890
0.48901
0.48907
0.48908
0.48915
0.48919
0.48922
0.48927
0.48934
0.48946
0.48983
0.49006
0.49007
0.49010
0.49011
0.49023
0.49026
0.49040
0.49041
0.49042
0.49043
0.49063
0.49077
0.49077
0.49080
0.49088
0.49117
0.49131
0.49139
0.49144
0.49159
0.49159
0.49165
0.49166
0.49174
0.49179
0.49196
0.49208
0.49226
0.49228
0.49230
0.49230
0.49231
0.49237
0.49248
0.49252
0.49266
0.49269
0.49272
0.49275
0.49284
0.49289
0.49304
0.49307
0.49313
0.49313
0.49313
0.49316
0.49316
0.49317
0.49323
0.49327
0.49340
0.49341
0.49345
0.49347
0.49358
0.49362
0.49363
0.49366
0.49381
0.49392
0.49393
0.49402
0.49409
0.49415
0.49426
0.49426
0.49428
0.49432
0.49432
0.49433
0.49469
0.49476
0.49496
0.49497
0.49512
0.49515
0.49527
0.49534
0.49537
0.49552
0.49554
0.49558
0.49591
0.49607
0.49611
0.49618
0.49619
0.49626
0.49627
0.49639
0.49653
0.49653
0.49656
0.49669
0.49671
0.49679
0.49699
0.49705
0.49715
0.49716
0.49721
0.49725
0.49730
0.49752
0.49757
0.49764
0.49772
0.49773
0.49775
0.49781
0.49783
0.49789
0.49796
0.49798
0.49798
0.49807
0.49809
0.49809
0.49818
0.49818
0.49824
0.49827
0.49829
0.49836
0.49841
0.49844
0.49860
0.49862
0.49875
0.49875
0.49884
0.49889
0.49891
0.49896
0.49917
0.49923
0.49928
0.49931
0.49939
0.49950
0.49956
0.49962
0.49963
0.49966
0.49973
0.49976
0.49979
0.49980
0.49987
0.49989
0.49994
0.49998
0.49998
0.50008
0.50013
0.50015
0.50020
0.50025
0.50030
0.50030
0.50032
0.50046
0.50063
0.50067
0.50083
0.50093
0.50093
0.50094
0.50106
0.50109
0.50120
0.50128
0.50131
0.50133
0.50138
0.50143
0.50144
0.50146
0.50165
0.50184
0.50185
0.50185
0.50198
0.50198
0.50201
0.50205
0.50212
0.50219
0.50234
0.50236
0.50240
0.50245
0.50246
0.50253
0.50259
0.50262
0.50264
0.50266
0.50269
0.50273
0.50274
0.50274
0.50290
0.50290
0.50293
0.50299
0.50309
0.50318
0.50328
0.50331
0.50346
0.50347
0.50362
0.50367
0.50368
0.50369
0.50378
0.50385
0.50389
0.50392
0.50399
0.50405
0.50411
0.50417
0.50421
0.50450
0.50457
0.50459
0.50465
0.50466
0.50468
0.50473
0.50495
0.50504
0.50518
0.50518
0.50528
0.50537
0.50553
0.50555
0.50561
0.50571
0.50573
0.50586
0.50597
0.50607
0.50613
0.50619
0.50620
0.50621
0.50622
0.50622
0.50630
0.50634
0.50642
0.50649
0.50667
0.50676
0.50680
0.50686
0.50688
0.50695
0.50702
0.50713
0.50731
0.50734
0.50734
0.50743
0.50743
0.50745
0.50750
0.50770
0.50775
0.50777
0.50781
0.50797
0.50797
0.50803
0.50815
0.50815
0.50816
0.50834
0.50834
0.50837
0.50842
0.50846
0.50853
0.50854
0.50860
0.50863
0.50864
0.50869
0.50870
0.50871
0.50872
0.50872
0.50877
0.50878
0.50878
0.50885
0.50895
0.50906
0.50910
0.50910
0.50919
0.50926
0.50926
0.50929
0.50929
0.50930
0.50940
0.50950
0.50967
0.50970
0.50971
0.50981
0.50983
0.50987
0.50998
0.51005
0.51010
0.51017
0.51018
0.51022
0.51022
0.51029
0.51040
0.51040
0.51042
0.51050
0.51053
0.51056
0.51069
0.51078
0.51080
0.51090
0.51099
0.51099
0.51100
0.51102
0.51106
0.51109
0.51109
0.51111
0.51111
0.51126
0.51134
0.51151
0.51156
0.51157
0.51162
0.51163
0.51168
0.51172
0.51176
0.51180
0.51184
0.51185
0.51189
0.51191
0.51191
0.51197
0.51204
0.51207
0.51213
0.51223
0.51233
0.51235
0.51235
0.51239
0.51243
0.51247
0.51253
0.51275
0.51276
0.51276
0.51277
0.51282
0.51284
0.51287
0.51293
0.51306
0.51307
0.51311
0.51321
0.51324
0.51334
0.51361
0.51370
0.51373
0.51374
0.51375
0.51399
0.51410
0.51418
0.51419
0.51420
0.51435
0.51445
0.51453
0.51455
0.51464
0.51465
0.51475
0.51475
0.51479
0.51482
0.51484
0.51490
0.51490
0.51502
0.51506
0.51508
0.51520
0.51520
0.51523
0.51530
0.51548
0.51550
0.51553
0.51560
0.51562
0.51566
0.51569
0.51572
0.51579
0.51579
0.51584
0.51588
0.51594
0.51613
0.51616
0.51617
0.51622
0.51625
0.51632
0.51633
0.51634
0.51637
0.51639
0.51653
0.51654
0.51654
0.51660
0.51665
0.51667
0.51667
0.51682
0.51684
0.51700
0.51704
0.51707
0.51714
0.51716
0.51717
0.51720
0.51728
0.51734
0.51737
0.51740
0.51740
0.51749
0.51751
0.51768
0.51773
0.51781
0.51781
0.51794
0.51798
0.51806
0.51807
0.51809
0.51809
0.51810
0.51815
0.51820
0.51838
0.51840
0.51840
0.51845
0.51851
0.51858
0.51861
0.51863
0.51869
0.51872
0.51885
0.51888
0.51892
0.51895
0.51898
0.51907
0.51909
0.51923
0.51923
0.51938
0.51940
0.51942
0.51945
0.51949
0.51949
0.51966
0.51975
0.51977
0.51982
0.51984
0.51984
0.51987
0.51996
0.51998
0.52008
0.52025
0.52028
0.52030
0.52030
0.52043
0.52044
0.52044
0.52045
0.52049
0.52058
0.52061
0.52063
0.52066
0.52067
0.52089
0.52091
0.52093
0.52095
0.52099
0.52106
0.52106
0.52109
0.52115
0.52116
0.52127
0.52128
0.52131
0.52132
0.52133
0.52138
0.52138
0.52140
0.52149
0.52152
0.52155
0.52157
0.52158
0.52158
0.52159
0.52165
0.52167
0.52168
0.52174
0.52174
0.52183
0.52190
0.52190
0.52194
0.52203
0.52206
0.52211
0.52213
0.52219
0.52227
0.52233
0.52234
0.52240
0.52244
0.52262
0.52267
0.52267
0.52273
0.52274
0.52288
0.52293
0.52302
0.52303
0.52305
0.52305
0.52310
0.52321
0.52327
0.52327
0.52336
0.52339
0.52341
0.52351
0.52361
0.52363
0.52363
0.52367
0.52378
0.52382
0.52383
0.52383
0.52388
0.52390
0.52403
0.52426
0.52434
0.52440
0.52446
0.52454
0.52456
0.52457
0.52459
0.52465
0.52467
0.52470
0.52483
0.52487
0.52494
0.52502
0.52507
0.52513
0.52519
0.52527
0.52527
0.52529
0.52532
0.52535
0.52541
0.52543
0.52560
0.52567
0.52572
0.52575
0.52577
0.52581
0.52583
0.52594
0.52598
0.52600
0.52602
0.52606
0.52608
0.52609
0.52609
0.52612
0.52618
0.52625
0.52631
0.52632
0.52636
0.52638
0.52641
0.52645
0.52654
0.52654
0.52655
0.52658
0.52660
0.52663
0.52681
0.52682
0.52686
0.52686
0.52697
0.52699
0.52731
0.52736
0.52738
0.52743
0.52744
0.52746
0.52748
0.52751
0.52754
0.52763
0.52763
0.52768
0.52777
0.52781
0.52785
0.52795
0.52803
0.52808
0.52808
0.52818
0.52820
0.52821
0.52827
0.52839
0.52841
0.52848
0.52850
0.52850
0.52856
0.52869
0.52886
0.52900
0.52902
0.52905
0.52906
0.52906
0.52908
0.52921
0.52925
0.52927
0.52935
0.52948
0.52970
0.52974
0.52982
0.52986
0.52993
0.53005
0.53006
0.53008
0.53010
0.53011
0.53045
0.53077
0.53080
0.53082
0.53097
0.53099
0.53107
0.53109
0.53111
0.53114
0.53122
0.53126
0.53131
0.53134
0.53151
0.53158
0.53163
0.53166
0.53168
0.53172
0.53173
0.53178
0.53179
0.53190
0.53196
0.53199
0.53200
0.53203
0.53209
0.53224
0.53227
0.53236
0.53244
0.53267
0.53274
0.53280
0.53280
0.53280
0.53289
0.53294
0.53295
0.53296
0.53300
0.53304
0.53310
0.53334
0.53358
0.53364
0.53367
0.53386
0.53386
0.53389
0.53391
0.53391
0.53396
0.53407
0.53409
0.53417
0.53430
0.53443
0.53447
0.53457
0.53462
0.53464
0.53478
0.53481
0.53489
0.53497
0.53514
0.53518
0.53522
0.53540
0.53542
0.53545
0.53563
0.53570
0.53581
0.53595
0.53603
0.53605
0.53616
0.53618
0.53619
0.53634
0.53635
0.53637
0.53660
0.53666
0.53668
0.53674
0.53684
0.53687
0.53687
0.53691
0.53694
0.53705
0.53770
0.53772
0.53775
0.53789
0.53794
0.53797
0.53798
0.53813
0.53817
0.53818
0.53824
0.53840
0.53844
0.53847
0.53847
0.53848
0.53848
0.53852
0.53873
0.53875
0.53876
0.53879
0.53920
0.53921
0.53921
0.53927
0.53931
0.53931
0.53949
0.53950
0.53958
0.53962
0.53969
0.53981
0.54013
0.54033
0.54038
0.54041
0.54042
0.54046
0.54047
0.54047
0.54047
0.54051
0.54053
0.54058
0.54062
0.54063
0.54077
0.54083
0.54090
0.54091
0.54109
0.54109
0.54112
0.54123
0.54129
0.54131
0.54142
0.54150
0.54157
0.54178
0.54184
0.54185
0.54198
0.54211
0.54234
0.54237
0.54237
0.54253
0.54254
0.54258
0.54261
0.54269
0.54270
0.54280
0.54317
0.54320
0.54320
0.54330
0.54354
0.54358
0.54363
0.54368
0.54369
0.54370
0.54374
0.54375
0.54390
0.54399
0.54401
0.54403
0.54405
0.54405
0.54407
0.54407
0.54415
0.54424
0.54425
0.54435
0.54437
0.54443
0.54453
0.54458
0.54465
0.54471
0.54491
0.54502
0.54507
0.54515
0.54523
0.54549
0.54553
0.54553
0.54559
0.54563
0.54572
0.54574
0.54585
0.54599
0.54605
0.54619
0.54622
0.54623
0.54626
0.54633
0.54636
0.54646
0.54667
0.54670
0.54676
0.54681
0.54708
0.54711
0.54717
0.54719
0.54721
0.54727
0.54733
0.54753
0.54766
0.54770
0.54770
0.54772
0.54781
0.54781
0.54786
0.54804
0.54807
0.54816
0.54822
0.54832
0.54835
0.54837
0.54841
0.54842
0.54856
0.54862
0.54876
0.54876
0.54880
0.54884
0.54887
0.54895
0.54900
0.54906
0.54926
0.54928
0.54929
0.54942
0.54954
0.54955
0.54963
0.54963
0.54976
0.54984
0.54990
0.54991
0.55024
0.55025
0.55025
0.55027
0.55033
0.55037
0.55039
0.55040
0.55048
0.55054
0.55058
0.55060
0.55070
0.55071
0.55076
0.55080
0.55086
0.55095
0.55097
0.55101
0.55127
0.55128
0.55140
0.55144
0.55149
0.55156
0.55157
0.55191
0.55201
0.55201
0.55210
0.55212
0.55229
0.55232
0.55233
0.55235
0.55254
0.55254
0.55256
0.55261
0.55269
0.55273
0.55274
0.55278
0.55285
0.55289
0.55306
0.55310
0.55316
0.55322
0.55328
0.55330
0.55371
0.55371
0.55378
0.55388
0.55395
0.55405
0.55408
0.55414
0.55416
0.55427
0.55429
0.55430
0.55437
0.55443
0.55444
0.55453
0.55460
0.55465
0.55467
0.55498
0.55500
0.55504
0.55512
0.55530
0.55548
0.55559
0.55565
0.55592
0.55611
0.55616
0.55634
0.55654
0.55656
0.55662
0.55663
0.55664
0.55674
0.55684
0.55696
0.55701
0.55707
0.55727
0.55743
0.55754
0.55756
0.55763
0.55763
0.55779
0.55780
0.55790
0.55800
0.55802
0.55810
0.55831
0.55838
0.55851
0.55861
0.55867
0.55908
0.55910
0.55934
0.55942
0.55942
0.55949
0.55950
0.55982
0.56001
0.56005
0.56005
0.56010
0.56016
0.56020
0.56031
0.56034
0.56043
0.56046
0.56053
0.56060
0.56074
0.56085
0.56098
0.56101
0.56103
0.56104
0.56108
0.56142
0.56148
0.56154
0.56156
0.56157
0.56163
0.56247
0.56253
0.56254
0.56256
0.56271
0.56299
0.56301
0.56306
0.56317
0.56319
0.56336
0.56371
0.56380
0.56387
0.56394
0.56410
0.56418
0.56432
0.56450
0.56453
0.56457
0.56464
0.56481
0.56487
0.56517
0.56517
0.56524
0.56549
0.56559
0.56575
0.56594
0.56599
0.56603
0.56641
0.56653
0.56654
0.56668
0.56676
0.56682
0.56716
0.56720
0.56728
0.56745
0.56746
0.56760
0.56780
0.56783
0.56800
0.56801
0.56803
0.56806
0.56821
0.56824
0.56826
0.56831
0.56833
0.56850
0.56872
0.56893
0.56900
0.56923
0.56924
0.56931
0.56933
0.56943
0.56946
0.56971
0.56984
0.56986
0.56986
0.56998
0.57003
0.57006
0.57021
0.57025
0.57032
0.57039
0.57040
0.57050
0.57050
0.57061
0.57062
0.57066
0.57080
0.57082
0.57085
0.57096
0.57098
0.57100
0.57106
0.57107
0.57115
0.57118
0.57141
0.57149
0.57176
0.57176
0.57193
0.57208
0.57209
0.57214
0.57276
0.57289
0.57306
0.57341
0.57378
0.57411
0.57414
0.57423
0.57426
0.57437
0.57454
0.57463
0.57485
0.57488
0.57491
0.57500
0.57504
0.57505
0.57505
0.57506
0.57512
0.57526
0.57532
0.57540
0.57549
0.57552
0.57575
0.57576
0.57583
0.57599
0.57618
0.57623
0.57632
0.57661
0.57674
0.57675
0.57696
0.57697
0.57712
0.57718
0.57721
0.57724
0.57744
0.57769
0.57780
0.57793
0.57825
0.57829
0.57859
0.57871
0.57872
0.57877
0.57888
0.57894
0.57899
0.57903
0.57904
0.57917
0.57919
0.57927
0.57927
0.57934
0.57943
0.57971
0.57984
0.57990
0.57997
0.58001
0.58028
0.58033
0.58035
0.58041
0.58060
0.58079
0.58082
0.58085
0.58088
0.58088
0.58089
0.58093
0.58107
0.58119
0.58127
0.58130
0.58135
0.58179
0.58185
0.58195
0.58211
0.58233
0.58250
0.58254
0.58274
0.58276
0.58286
0.58290
0.58301
0.58315
0.58319
0.58325
0.58327
0.58363
0.58377
0.58382
0.58402
0.58415
0.58415
0.58461
0.58467
0.58472
0.58479
0.58489
0.58494
0.58504
0.58505
0.58506
0.58513
0.58525
0.58527
0.58530
0.58531
0.58547
0.58548
0.58595
0.58602
0.58602
0.58628
0.58635
0.58640
0.58643
0.58660
0.58683
0.58689
0.58698
0.58717
0.58723
0.58728
0.58790
0.58807
0.58813
0.58815
0.58822
0.58833
0.58837
0.58839
0.58854
0.58884
0.58896
0.58906
0.58911
0.58916
0.58938
0.58958
0.58962
0.58968
0.58970
0.58984
0.58989
0.58994
0.58998
0.59001
0.59005
0.59011
0.59017
0.59041
0.59060
0.59061
0.59067
0.59073
0.59074
0.59110
0.59111
0.59112
0.59167
0.59167
0.59170
0.59171
0.59183
0.59231
0.59232
0.59235
0.59235
0.59254
0.59278
0.59282
0.59290
0.59297
0.59300
0.59304
0.59306
0.59314
0.59344
0.59351
0.59352
0.59358
0.59378
0.59384
0.59386
0.59398
0.59405
0.59444
0.59452
0.59464
0.59471
0.59495
0.59499
0.59560
0.59598
0.59604
0.59631
0.59647
0.59686
0.59698
0.59715
0.59763
0.59765
0.59767
0.59767
0.59773
0.59818
0.59833
0.59852
0.59861
0.59865
0.59912
0.59922
0.59931
0.59932
0.59942
0.59947
0.59951
0.59979
0.59992
0.59996
0.60009
0.60014
0.60017
0.60040
0.60064
0.60070
0.60094
0.60105
0.60114
0.60120
0.60123
0.60158
0.60181
0.60185
0.60189
0.60211
0.60212
0.60214
0.60220
0.60237
0.60301
0.60317
0.60323
0.60335
0.60339
0.60340
0.60341
0.60364
0.60368
0.60425
0.60451
0.60456
0.60469
0.60554
0.60581
0.60584
0.60587
0.60594
0.60625
0.60645
0.60692
0.60738
0.60742
0.60753
0.60783
0.60824
0.60838
0.60870
0.60907
0.60910
0.60930
0.60944
0.60950
0.60987
0.60997
0.61046
0.61080
0.61082
0.61085
0.61089
0.61118
0.61128
0.61133
0.61150
0.61198
0.61239
0.61239
0.61254
0.61269
0.61284
0.61290
0.61301
0.61336
0.61343
0.61350
0.61374
0.61395
0.61413
0.61425
0.61438
0.61455
0.61488
0.61509
0.61561
0.61586
0.61591
0.61601
0.61695
0.61708
0.61713
0.61724
0.61768
0.61774
0.61831
0.61868
0.61901
0.61913
0.61926
0.61939
0.61946
0.61947
0.61950
0.61954
0.61990
0.62001
0.62020
0.62024
0.62027
0.62084
0.62128
0.62128
0.62268
0.62316
0.62328
0.62351
0.62377
0.62382
0.62423
0.62471
0.62478
0.62561
0.62565
0.62582
0.62583
0.62609
0.62610
0.62646
0.62648
0.62681
0.62682
0.62683
0.62694
0.62745
0.62790
0.62802
0.62815
0.62849
0.62915
0.62988
0.63016
0.63023
0.63041
0.63146
0.63192
0.63202
0.63295
0.63307
0.63490
0.63492
0.63523
0.63618
0.63632
0.63682
0.63725
0.63794
0.63822
0.63840
0.63878
0.63886
0.63893
0.63930
0.63959
0.64051
0.64064
0.64476
0.64786
0.64858
0.64934
0.65161
0.65185
0.65253
0.65321
0.65322
0.65389
0.65466
0.65508
0.65598
0.65611
0.65709
0.65729
0.65749
0.66023
0.66167
0.66267
0.66553
0.66731
0.66877
0.67202
0.67263
0.67317
0.67320
0.67367
0.67575
0.67904
0.67927
0.68124
0.69708
0.69808
#real	0.72784
